Accuracy: 0.9745166959578208
Precision: 0.9751871571210988
Recall: 0.9745166959578208
F1: 0.9710098499974635
