Accuracy: 0.9431019332161688
Precision: 0.8894412564360749
Recall: 0.9431019332161688
F1: 0.9154859467036771
