Accuracy: 0.9444200351493849
Precision: 0.9475132448078112
Recall: 0.9444200351493849
F1: 0.918683903786198
