Accuracy: 0.9747363796133568
Precision: 0.9753954804174547
Recall: 0.9747363796133568
F1: 0.9712987217778491
