Accuracy: 0.9439806678383128
Precision: 0.9471215934542385
Recall: 0.9439806678383128
F1: 0.9176308865571937
