Accuracy: 0.9681458699472759
Precision: 0.9691866200278629
Recall: 0.9681458699472759
F1: 0.962218892124855
