Accuracy: 0.976493848857645
Precision: 0.9770654757149706
Recall: 0.976493848857645
F1: 0.9735787114463564
