Accuracy: 0.9811072056239016
Precision: 0.9814782447461542
Recall: 0.9811072056239016
F1: 0.9793203525272657
