Accuracy: 0.8770571151984511
Precision: 0.8806402409128354
Recall: 0.8770571151984511
F1: 0.8780013733412911
