Accuracy: 0.5588440111420613
Precision: [0.55823715 0.69230769]
Recall: [0.9975     0.00707547]
F1: [0.71585557 0.01400778]
