Accuracy: 0.5601636729315487
Precision: [0.55236881 0.9295302 ]
Recall: [0.99731492 0.04198242]
F1: [0.71096527 0.08033643]
