Accuracy: 0.9394150417827298
Precision: [0.94148607 0.93675418]
Recall: [0.9503125  0.92570755]
F1: [0.94587869 0.9311981 ]
