Accuracy: 0.9465288854983008
Precision: [0.93876027 0.95630384]
Recall: [0.96432681 0.92543195]
F1: [0.95137181 0.94061465]
