Accuracy: 0.9007744433688286
Precision: 0.9067867368059908
Recall: 0.9007744433688286
F1: 0.9018356258082585
