Accuracy: 0.9401419812842853
Precision: 0.9420369012829675
Recall: 0.9401419812842853
F1: 0.9314613721870199
