Accuracy: 0.9375605033881897
Precision: 0.9403929634747148
Recall: 0.9375605033881897
F1: 0.9285613238887795
