Accuracy: 0.5579735376044568
Precision: [0.         0.55807464 0.5        0.        ]
Recall: [0.         1.         0.03623188 0.        ]
F1: [0.         0.71636445 0.06756757 0.        ]
