Accuracy: 0.9377218457566957
Precision: 0.9385584038653447
Recall: 0.9377218457566957
F1: 0.9287790867229868
