Accuracy: 0.9967539995362856
Precision: 0.9967730376621725
Recall: 0.9967539995362856
F1: 0.996750994459805
