Accuracy: 0.6403998823875331
Precision: 0.5108141381651888
Recall: 0.6403998823875331
F1: 0.552773341366935
