Accuracy: 0.9337730870712401
Precision: 0.946765081157715
Recall: 0.9337730870712401
F1: 0.9361323721997384
