Accuracy: 0.9968337730870712
Precision: 0.9968517374950878
Recall: 0.9968337730870712
F1: 0.9968296578577392
