Accuracy: 0.8192219679633868
Precision: 0.8313106917026589
Recall: 0.8192219679633868
F1: 0.8058764150805
