Accuracy: 0.9220207709910228
Precision: 0.9241342357093735
Recall: 0.9220207709910228
F1: 0.9136716749536691
