Accuracy: 0.814133591481123
Precision: 0.7914263558630961
Recall: 0.814133591481123
F1: 0.7892686246502606
