Accuracy: 0.808660447104383
Precision: 0.8138266678547215
Recall: 0.808660447104383
F1: 0.8009825148789338
