Accuracy: 0.9369151339141658
Precision: 0.9389179579534103
Recall: 0.9369151339141658
F1: 0.927709588594422
