Accuracy: 0.8380122620200064
Precision: 0.8278098234432585
Recall: 0.8380122620200064
F1: 0.8179948767520749
