Accuracy: 0.9411887093418406
Precision: [0.87360595 0.93995756 0.91117917 0.9498724 ]
Recall: [0.97107438 0.96279248 0.96905537 0.90752351]
F1: [0.91976517 0.951238   0.93922652 0.92821518]
