Accuracy: 0.9341922005571031
Precision: [1.         0.94359614 0.71511628 0.9358196 ]
Recall: [1.         0.94625    0.89130435 0.9186888 ]
F1: [1.         0.9449212  0.79354839 0.92717508]
