Accuracy: 0.5713025580711556
Precision: 0.4414776872333307
Recall: 0.5713025580711556
F1: 0.4890816835359192
