Accuracy: 0.5441431444621679
Precision: [0.69230769 0.54494735 0.34328358 0.        ]
Recall: [0.03719008 0.99910497 0.03745928 0.        ]
F1: [0.07058824 0.70523466 0.06754772 0.        ]
