Accuracy: 0.912664907651715
Precision: 0.926286124266734
Recall: 0.912664907651715
F1: 0.9145543029523446
