Accuracy: 0.9377218457566957
Precision: 0.9393725432054719
Recall: 0.9377218457566957
F1: 0.928212758299098
