Accuracy: 0.9364311068086479
Precision: 0.9372664013630421
Recall: 0.9364311068086479
F1: 0.9268345482995115
