Accuracy: 0.9230769230769231
Precision: 0.9259797195604087
Recall: 0.9230769230769231
F1: 0.9153962109339446
