Accuracy: 0.9798322039367537
Precision: 0.9800509842752437
Recall: 0.9798322039367537
F1: 0.9797499527329581
