Accuracy: 0.9947229551451188
Precision: 0.994772668238429
Recall: 0.9947229551451188
F1: 0.9947197086502586
