Accuracy: 0.8954409434958635
Precision: 0.898894160139993
Recall: 0.8954409434958635
F1: 0.8963154521532561
