Accuracy: 0.9931398416886543
Precision: 0.9931690474504962
Recall: 0.9931398416886543
F1: 0.9931364971289988
