Accuracy: 0.979025492094224
Precision: 0.9793225294954585
Recall: 0.979025492094224
F1: 0.9789278954139106
