Accuracy: 0.9271767810026386
Precision: 0.9354165305858944
Recall: 0.9271767810026386
F1: 0.9273892277783005
