Accuracy: 0.9240105540897098
Precision: 0.9328811912021112
Recall: 0.9240105540897098
F1: 0.9242276289374614
