Accuracy: 0.9949868073878628
Precision: 0.9950316945978678
Recall: 0.9949868073878628
F1: 0.9949838843259706
