Accuracy: 0.9806389157792836
Precision: 0.9808720180106096
Recall: 0.9806389157792836
F1: 0.9805589494704683
