Accuracy: 0.9811652878014434
Precision: 0.9813200123646261
Recall: 0.9811652878014434
F1: 0.9810920732693978
