Accuracy: 0.9804775734107777
Precision: 0.980634585630517
Recall: 0.9804775734107777
F1: 0.980408017756696
