Accuracy: 0.9818693891920437
Precision: 0.982029848432177
Recall: 0.9818693891920437
F1: 0.9817989116518503
