Accuracy: 0.9063545150501672
Precision: 0.9072647703851515
Recall: 0.9063545150501672
F1: 0.9066802822435955
