Accuracy: 0.9375110015842282
Precision: 0.9343360076231539
Recall: 0.9375110015842282
F1: 0.9298040847163166
