Accuracy: 0.9485317844465957
Precision: 0.9444637901303156
Recall: 0.9485317844465957
F1: 0.9401257054774693
