Accuracy: 0.9968337730870712
Precision: 0.9968504301335225
Recall: 0.9968337730870712
F1: 0.9968316785750888
