Accuracy: 0.8981929654727331
Precision: 0.8890609078327183
Recall: 0.8981929654727331
F1: 0.8897523686934711
