Accuracy: 0.9442402385741037
Precision: [0.93958682 0.95186676]
Recall: [0.96968999 0.90578196]
F1: [0.95440109 0.92825272]
