Accuracy: 0.9480477573410777
Precision: 0.9445542873157771
Recall: 0.9480477573410777
F1: 0.9395237819907153
