Accuracy: 0.9973614775725593
Precision: 0.9973730551172169
Recall: 0.9973614775725593
F1: 0.9973600271974343
