Accuracy: 0.9486931268151017
Precision: 0.9442237415556202
Recall: 0.9486931268151017
F1: 0.9405447501475588
