Accuracy: 0.9976253298153034
Precision: 0.9976347117431622
Recall: 0.9976253298153034
F1: 0.9976241566902118
