Accuracy: 0.8730857243443055
Precision: 0.8661902104106887
Recall: 0.8730857243443055
F1: 0.8678767930340026
