Accuracy: 0.9397632311977716
Precision: [0.94201218 0.93638344]
Recall: [0.95699558 0.91485739]
F1: [0.94944477 0.92549526]
