Accuracy: 0.937334976236578
Precision: 0.9325292296460288
Recall: 0.937334976236578
F1: 0.9293448174289349
