Accuracy: 0.6017754351896802
Precision: [0.60177544 0.        ]
Recall: [1. 0.]
F1: [0.75138552 0.        ]
