Accuracy: 0.9686015831134565
Precision: 0.9696528945142776
Recall: 0.9686015831134565
F1: 0.9687181763608996
