Accuracy: 0.9477250726040658
Precision: 0.9436811717841651
Recall: 0.9477250726040658
F1: 0.9398574571885838
