Accuracy: 0.8561872909698997
Precision: 0.846967207844182
Recall: 0.8561872909698997
F1: 0.838141989673612
