Accuracy: 0.9604221635883905
Precision: 0.9624018395973638
Recall: 0.9604221635883905
F1: 0.9606182021460438
