Accuracy: 0.5910515320334262
Precision: [0.59105153 0.        ]
Recall: [1. 0.]
F1: [0.74296969 0.        ]
