Accuracy: 0.8568893191352049
Precision: 0.8324265729192382
Recall: 0.8568893191352049
F1: 0.8388327073023581
