Accuracy: 0.677212389380531
Precision: [0.67750037 0.5       ]
Recall: [0.99880213 0.00251314]
F1: [0.80735883 0.00500114]
