Accuracy: 0.7957227138643068
Precision: [0.81953164 0.72794326]
Recall: [0.8955679  0.58624629]
F1: [0.85586429 0.64945583]
